{
 "cells": [
  {
   "cell_type": "code",
   "execution_count": 1,
   "metadata": {},
   "outputs": [],
   "source": [
    "# Dependencies and Setup\n",
    "import pandas as pd\n",
    "\n",
    "# File to Load (Remember to Change These)\n",
    "school_data_to_load = \"schools_complete.csv\"\n",
    "student_data_to_load = \"students_complete.csv\"\n",
    "\n",
    "# Read School and Student Data File and store into Pandas Data Frames\n",
    "school_data = pd.read_csv(school_data_to_load)\n",
    "student_data = pd.read_csv(student_data_to_load)\n",
    "\n",
    "# Combine the data into a single dataset\n",
    "school_data_complete = pd.merge(student_data, school_data, how=\"left\", on=[\"school_name\"])"
   ]
  },
  {
   "cell_type": "raw",
   "metadata": {},
   "source": [
    "#----------------- District Summary--------------------"
   ]
  },
  {
   "cell_type": "code",
   "execution_count": 29,
   "metadata": {},
   "outputs": [
    {
     "data": {
      "text/html": [
       "<div>\n",
       "<style scoped>\n",
       "    .dataframe tbody tr th:only-of-type {\n",
       "        vertical-align: middle;\n",
       "    }\n",
       "\n",
       "    .dataframe tbody tr th {\n",
       "        vertical-align: top;\n",
       "    }\n",
       "\n",
       "    .dataframe thead th {\n",
       "        text-align: right;\n",
       "    }\n",
       "</style>\n",
       "<table border=\"1\" class=\"dataframe\">\n",
       "  <thead>\n",
       "    <tr style=\"text-align: right;\">\n",
       "      <th></th>\n",
       "      <th>Total Schools</th>\n",
       "      <th>Total Students</th>\n",
       "      <th>Total Budget</th>\n",
       "      <th>Average Math Score</th>\n",
       "      <th>Average Reading Score</th>\n",
       "      <th>% Passing Math</th>\n",
       "      <th>% Passing Reading</th>\n",
       "      <th>% Overall Passing Rate</th>\n",
       "    </tr>\n",
       "  </thead>\n",
       "  <tbody>\n",
       "    <tr>\n",
       "      <th>0</th>\n",
       "      <td>15</td>\n",
       "      <td>39170</td>\n",
       "      <td>$24,649,428.00</td>\n",
       "      <td>78.985371</td>\n",
       "      <td>81.87784</td>\n",
       "      <td>74.980853</td>\n",
       "      <td>85.805463</td>\n",
       "      <td>80.431606</td>\n",
       "    </tr>\n",
       "  </tbody>\n",
       "</table>\n",
       "</div>"
      ],
      "text/plain": [
       "   Total Schools  Total Students    Total Budget  Average Math Score  \\\n",
       "0             15           39170  $24,649,428.00           78.985371   \n",
       "\n",
       "   Average Reading Score  % Passing Math  % Passing Reading  \\\n",
       "0               81.87784       74.980853          85.805463   \n",
       "\n",
       "   % Overall Passing Rate  \n",
       "0               80.431606  "
      ]
     },
     "execution_count": 29,
     "metadata": {},
     "output_type": "execute_result"
    }
   ],
   "source": [
    "District_Summary_dicts = ({\"Total Schools\":[school_data[\"School ID\"].count()], \n",
    "                           \"Total Students\":[len(student_data[\"Student ID\"])],\n",
    "                           \"Total Budget\":[(school_data[\"budget\"].sum())],\n",
    "                           \"Average Math Score\":[student_data[\"math_score\"].mean()],\n",
    "                           \"Average Reading Score\":[student_data[\"reading_score\"].mean()],\n",
    "                           \"% Passing Math\":[((student_data[\"math_score\"] >= 70).value_counts()[1])*100/(len(student_data[\"Student ID\"]))],\n",
    "                           \"% Passing Reading\":[((student_data[\"reading_score\"] >= 70).value_counts()[1])*100/(len(student_data[\"Student ID\"]))],\n",
    "                           \"% Overall Passing Rate\":[(student_data[\"math_score\"].mean()+student_data[\"reading_score\"].mean())/2]})\n",
    "District_Summary_df = pd.DataFrame(District_Summary_dicts)\n",
    "District_Summary_df[\"Total Budget\"] = District_Summary_df[\"Total Budget\"].map(\"${:,.2f}\".format)\n",
    "District_Summary_df\n"
   ]
  },
  {
   "cell_type": "raw",
   "metadata": {},
   "source": [
    "#---------------------- School Summary_______________"
   ]
  },
  {
   "cell_type": "code",
   "execution_count": 3,
   "metadata": {},
   "outputs": [],
   "source": [
    "school_merge_pass=pd.merge(student_data[student_data[\"math_score\"] >= 70], school_data, on=[\"school_name\"])\n",
    "school_merge_pass_r=pd.merge(student_data[student_data[\"reading_score\"] >= 70], school_data, on=[\"school_name\"])"
   ]
  },
  {
   "cell_type": "code",
   "execution_count": 4,
   "metadata": {},
   "outputs": [],
   "source": [
    "school_group_pass=school_merge_pass.groupby(\"school_name\")\n",
    "school_group_pass_r=school_merge_pass_r.groupby(\"school_name\")"
   ]
  },
  {
   "cell_type": "code",
   "execution_count": 5,
   "metadata": {},
   "outputs": [],
   "source": [
    "school_group=school_data.groupby(\"school_name\")\n",
    "school_complete_group = school_data_complete.groupby([\"school_name\"])\n",
    "Top_Schools1= pd.DataFrame(school_complete_group[\"type\"].value_counts())\n",
    "Top_Schools1 = Top_Schools1.rename(columns={\"type\": \"Total Students\"})\n",
    "Top_Schools1 = Top_Schools1.reset_index()\n",
    "Top_Schools2 = school_complete_group[[\"reading_score\", \"math_score\"]].mean()"
   ]
  },
  {
   "cell_type": "code",
   "execution_count": 6,
   "metadata": {},
   "outputs": [],
   "source": [
    "Top_Schools2[\"Total School Budget\"]=school_group[\"budget\"].sum()\n",
    "Top_Schools2[\"Per Student Budget\"]= school_group[\"budget\"].sum()/school_complete_group[\"student_name\"].count()"
   ]
  },
  {
   "cell_type": "code",
   "execution_count": 7,
   "metadata": {},
   "outputs": [],
   "source": [
    "Top_Schools2[\"% Passing Math\"] =100* school_group_pass[\"student_name\"].count()/school_complete_group[\"student_name\"].count()\n",
    "Top_Schools2[\"% Passing Reading\"] =100* school_group_pass_r[\"student_name\"].count()/school_complete_group[\"student_name\"].count()\n",
    "Top_Schools2[\"% Overall Passing Rate\"]=(Top_Schools2[\"% Passing Math\"]+Top_Schools2[\"% Passing Reading\"])/2"
   ]
  },
  {
   "cell_type": "code",
   "execution_count": 8,
   "metadata": {},
   "outputs": [],
   "source": [
    "Top_Schools = Top_Schools1.merge(Top_Schools2, on=\"school_name\")\n",
    "Top_Schools = Top_Schools.reset_index(drop=True)\n",
    "Top_Schools = Top_Schools.rename(columns={\"reading_score\":\"Average Reading Score\",\n",
    "                                          \"math_score\":\"Average Math Score\",\n",
    "                                          \"type\":\"School Type\"})"
   ]
  },
  {
   "cell_type": "raw",
   "metadata": {},
   "source": [
    "#---------------- Top Performing Schools (By Passing Rate)--------------"
   ]
  },
  {
   "cell_type": "code",
   "execution_count": 9,
   "metadata": {},
   "outputs": [
    {
     "data": {
      "text/html": [
       "<div>\n",
       "<style scoped>\n",
       "    .dataframe tbody tr th:only-of-type {\n",
       "        vertical-align: middle;\n",
       "    }\n",
       "\n",
       "    .dataframe tbody tr th {\n",
       "        vertical-align: top;\n",
       "    }\n",
       "\n",
       "    .dataframe thead th {\n",
       "        text-align: right;\n",
       "    }\n",
       "</style>\n",
       "<table border=\"1\" class=\"dataframe\">\n",
       "  <thead>\n",
       "    <tr style=\"text-align: right;\">\n",
       "      <th></th>\n",
       "      <th>school_name</th>\n",
       "      <th>School Type</th>\n",
       "      <th>Total Students</th>\n",
       "      <th>Average Reading Score</th>\n",
       "      <th>Average Math Score</th>\n",
       "      <th>Total School Budget</th>\n",
       "      <th>Per Student Budget</th>\n",
       "      <th>% Passing Math</th>\n",
       "      <th>% Passing Reading</th>\n",
       "      <th>% Overall Passing Rate</th>\n",
       "    </tr>\n",
       "  </thead>\n",
       "  <tbody>\n",
       "    <tr>\n",
       "      <th>1</th>\n",
       "      <td>Cabrera High School</td>\n",
       "      <td>Charter</td>\n",
       "      <td>1858</td>\n",
       "      <td>83.975780</td>\n",
       "      <td>83.061895</td>\n",
       "      <td>1081356</td>\n",
       "      <td>582.0</td>\n",
       "      <td>94.133477</td>\n",
       "      <td>97.039828</td>\n",
       "      <td>95.586652</td>\n",
       "    </tr>\n",
       "    <tr>\n",
       "      <th>12</th>\n",
       "      <td>Thomas High School</td>\n",
       "      <td>Charter</td>\n",
       "      <td>1635</td>\n",
       "      <td>83.848930</td>\n",
       "      <td>83.418349</td>\n",
       "      <td>1043130</td>\n",
       "      <td>638.0</td>\n",
       "      <td>93.272171</td>\n",
       "      <td>97.308869</td>\n",
       "      <td>95.290520</td>\n",
       "    </tr>\n",
       "    <tr>\n",
       "      <th>9</th>\n",
       "      <td>Pena High School</td>\n",
       "      <td>Charter</td>\n",
       "      <td>962</td>\n",
       "      <td>84.044699</td>\n",
       "      <td>83.839917</td>\n",
       "      <td>585858</td>\n",
       "      <td>609.0</td>\n",
       "      <td>94.594595</td>\n",
       "      <td>95.945946</td>\n",
       "      <td>95.270270</td>\n",
       "    </tr>\n",
       "    <tr>\n",
       "      <th>4</th>\n",
       "      <td>Griffin High School</td>\n",
       "      <td>Charter</td>\n",
       "      <td>1468</td>\n",
       "      <td>83.816757</td>\n",
       "      <td>83.351499</td>\n",
       "      <td>917500</td>\n",
       "      <td>625.0</td>\n",
       "      <td>93.392371</td>\n",
       "      <td>97.138965</td>\n",
       "      <td>95.265668</td>\n",
       "    </tr>\n",
       "    <tr>\n",
       "      <th>13</th>\n",
       "      <td>Wilson High School</td>\n",
       "      <td>Charter</td>\n",
       "      <td>2283</td>\n",
       "      <td>83.989488</td>\n",
       "      <td>83.274201</td>\n",
       "      <td>1319574</td>\n",
       "      <td>578.0</td>\n",
       "      <td>93.867718</td>\n",
       "      <td>96.539641</td>\n",
       "      <td>95.203679</td>\n",
       "    </tr>\n",
       "    <tr>\n",
       "      <th>14</th>\n",
       "      <td>Wright High School</td>\n",
       "      <td>Charter</td>\n",
       "      <td>1800</td>\n",
       "      <td>83.955000</td>\n",
       "      <td>83.682222</td>\n",
       "      <td>1049400</td>\n",
       "      <td>583.0</td>\n",
       "      <td>93.333333</td>\n",
       "      <td>96.611111</td>\n",
       "      <td>94.972222</td>\n",
       "    </tr>\n",
       "    <tr>\n",
       "      <th>11</th>\n",
       "      <td>Shelton High School</td>\n",
       "      <td>Charter</td>\n",
       "      <td>1761</td>\n",
       "      <td>83.725724</td>\n",
       "      <td>83.359455</td>\n",
       "      <td>1056600</td>\n",
       "      <td>600.0</td>\n",
       "      <td>93.867121</td>\n",
       "      <td>95.854628</td>\n",
       "      <td>94.860875</td>\n",
       "    </tr>\n",
       "    <tr>\n",
       "      <th>6</th>\n",
       "      <td>Holden High School</td>\n",
       "      <td>Charter</td>\n",
       "      <td>427</td>\n",
       "      <td>83.814988</td>\n",
       "      <td>83.803279</td>\n",
       "      <td>248087</td>\n",
       "      <td>581.0</td>\n",
       "      <td>92.505855</td>\n",
       "      <td>96.252927</td>\n",
       "      <td>94.379391</td>\n",
       "    </tr>\n",
       "    <tr>\n",
       "      <th>0</th>\n",
       "      <td>Bailey High School</td>\n",
       "      <td>District</td>\n",
       "      <td>4976</td>\n",
       "      <td>81.033963</td>\n",
       "      <td>77.048432</td>\n",
       "      <td>3124928</td>\n",
       "      <td>628.0</td>\n",
       "      <td>66.680064</td>\n",
       "      <td>81.933280</td>\n",
       "      <td>74.306672</td>\n",
       "    </tr>\n",
       "    <tr>\n",
       "      <th>5</th>\n",
       "      <td>Hernandez High School</td>\n",
       "      <td>District</td>\n",
       "      <td>4635</td>\n",
       "      <td>80.934412</td>\n",
       "      <td>77.289752</td>\n",
       "      <td>3022020</td>\n",
       "      <td>652.0</td>\n",
       "      <td>66.752967</td>\n",
       "      <td>80.862999</td>\n",
       "      <td>73.807983</td>\n",
       "    </tr>\n",
       "    <tr>\n",
       "      <th>3</th>\n",
       "      <td>Ford High School</td>\n",
       "      <td>District</td>\n",
       "      <td>2739</td>\n",
       "      <td>80.746258</td>\n",
       "      <td>77.102592</td>\n",
       "      <td>1763916</td>\n",
       "      <td>644.0</td>\n",
       "      <td>68.309602</td>\n",
       "      <td>79.299014</td>\n",
       "      <td>73.804308</td>\n",
       "    </tr>\n",
       "    <tr>\n",
       "      <th>8</th>\n",
       "      <td>Johnson High School</td>\n",
       "      <td>District</td>\n",
       "      <td>4761</td>\n",
       "      <td>80.966394</td>\n",
       "      <td>77.072464</td>\n",
       "      <td>3094650</td>\n",
       "      <td>650.0</td>\n",
       "      <td>66.057551</td>\n",
       "      <td>81.222432</td>\n",
       "      <td>73.639992</td>\n",
       "    </tr>\n",
       "    <tr>\n",
       "      <th>7</th>\n",
       "      <td>Huang High School</td>\n",
       "      <td>District</td>\n",
       "      <td>2917</td>\n",
       "      <td>81.182722</td>\n",
       "      <td>76.629414</td>\n",
       "      <td>1910635</td>\n",
       "      <td>655.0</td>\n",
       "      <td>65.683922</td>\n",
       "      <td>81.316421</td>\n",
       "      <td>73.500171</td>\n",
       "    </tr>\n",
       "    <tr>\n",
       "      <th>2</th>\n",
       "      <td>Figueroa High School</td>\n",
       "      <td>District</td>\n",
       "      <td>2949</td>\n",
       "      <td>81.158020</td>\n",
       "      <td>76.711767</td>\n",
       "      <td>1884411</td>\n",
       "      <td>639.0</td>\n",
       "      <td>65.988471</td>\n",
       "      <td>80.739234</td>\n",
       "      <td>73.363852</td>\n",
       "    </tr>\n",
       "    <tr>\n",
       "      <th>10</th>\n",
       "      <td>Rodriguez High School</td>\n",
       "      <td>District</td>\n",
       "      <td>3999</td>\n",
       "      <td>80.744686</td>\n",
       "      <td>76.842711</td>\n",
       "      <td>2547363</td>\n",
       "      <td>637.0</td>\n",
       "      <td>66.366592</td>\n",
       "      <td>80.220055</td>\n",
       "      <td>73.293323</td>\n",
       "    </tr>\n",
       "  </tbody>\n",
       "</table>\n",
       "</div>"
      ],
      "text/plain": [
       "              school_name School Type  Total Students  Average Reading Score  \\\n",
       "1     Cabrera High School     Charter            1858              83.975780   \n",
       "12     Thomas High School     Charter            1635              83.848930   \n",
       "9        Pena High School     Charter             962              84.044699   \n",
       "4     Griffin High School     Charter            1468              83.816757   \n",
       "13     Wilson High School     Charter            2283              83.989488   \n",
       "14     Wright High School     Charter            1800              83.955000   \n",
       "11    Shelton High School     Charter            1761              83.725724   \n",
       "6      Holden High School     Charter             427              83.814988   \n",
       "0      Bailey High School    District            4976              81.033963   \n",
       "5   Hernandez High School    District            4635              80.934412   \n",
       "3        Ford High School    District            2739              80.746258   \n",
       "8     Johnson High School    District            4761              80.966394   \n",
       "7       Huang High School    District            2917              81.182722   \n",
       "2    Figueroa High School    District            2949              81.158020   \n",
       "10  Rodriguez High School    District            3999              80.744686   \n",
       "\n",
       "    Average Math Score  Total School Budget  Per Student Budget  \\\n",
       "1            83.061895              1081356               582.0   \n",
       "12           83.418349              1043130               638.0   \n",
       "9            83.839917               585858               609.0   \n",
       "4            83.351499               917500               625.0   \n",
       "13           83.274201              1319574               578.0   \n",
       "14           83.682222              1049400               583.0   \n",
       "11           83.359455              1056600               600.0   \n",
       "6            83.803279               248087               581.0   \n",
       "0            77.048432              3124928               628.0   \n",
       "5            77.289752              3022020               652.0   \n",
       "3            77.102592              1763916               644.0   \n",
       "8            77.072464              3094650               650.0   \n",
       "7            76.629414              1910635               655.0   \n",
       "2            76.711767              1884411               639.0   \n",
       "10           76.842711              2547363               637.0   \n",
       "\n",
       "    % Passing Math  % Passing Reading  % Overall Passing Rate  \n",
       "1        94.133477          97.039828               95.586652  \n",
       "12       93.272171          97.308869               95.290520  \n",
       "9        94.594595          95.945946               95.270270  \n",
       "4        93.392371          97.138965               95.265668  \n",
       "13       93.867718          96.539641               95.203679  \n",
       "14       93.333333          96.611111               94.972222  \n",
       "11       93.867121          95.854628               94.860875  \n",
       "6        92.505855          96.252927               94.379391  \n",
       "0        66.680064          81.933280               74.306672  \n",
       "5        66.752967          80.862999               73.807983  \n",
       "3        68.309602          79.299014               73.804308  \n",
       "8        66.057551          81.222432               73.639992  \n",
       "7        65.683922          81.316421               73.500171  \n",
       "2        65.988471          80.739234               73.363852  \n",
       "10       66.366592          80.220055               73.293323  "
      ]
     },
     "execution_count": 9,
     "metadata": {},
     "output_type": "execute_result"
    }
   ],
   "source": [
    "Top_Schools.sort_values(\"% Overall Passing Rate\", ascending=False)"
   ]
  },
  {
   "cell_type": "raw",
   "metadata": {},
   "source": [
    "#------------------- Bottom Performing Schools (By Passing Rate)-----------------"
   ]
  },
  {
   "cell_type": "code",
   "execution_count": 10,
   "metadata": {},
   "outputs": [
    {
     "data": {
      "text/html": [
       "<div>\n",
       "<style scoped>\n",
       "    .dataframe tbody tr th:only-of-type {\n",
       "        vertical-align: middle;\n",
       "    }\n",
       "\n",
       "    .dataframe tbody tr th {\n",
       "        vertical-align: top;\n",
       "    }\n",
       "\n",
       "    .dataframe thead th {\n",
       "        text-align: right;\n",
       "    }\n",
       "</style>\n",
       "<table border=\"1\" class=\"dataframe\">\n",
       "  <thead>\n",
       "    <tr style=\"text-align: right;\">\n",
       "      <th></th>\n",
       "      <th>school_name</th>\n",
       "      <th>School Type</th>\n",
       "      <th>Total Students</th>\n",
       "      <th>Average Reading Score</th>\n",
       "      <th>Average Math Score</th>\n",
       "      <th>Total School Budget</th>\n",
       "      <th>Per Student Budget</th>\n",
       "      <th>% Passing Math</th>\n",
       "      <th>% Passing Reading</th>\n",
       "      <th>% Overall Passing Rate</th>\n",
       "    </tr>\n",
       "  </thead>\n",
       "  <tbody>\n",
       "    <tr>\n",
       "      <th>10</th>\n",
       "      <td>Rodriguez High School</td>\n",
       "      <td>District</td>\n",
       "      <td>3999</td>\n",
       "      <td>80.744686</td>\n",
       "      <td>76.842711</td>\n",
       "      <td>2547363</td>\n",
       "      <td>637.0</td>\n",
       "      <td>66.366592</td>\n",
       "      <td>80.220055</td>\n",
       "      <td>73.293323</td>\n",
       "    </tr>\n",
       "    <tr>\n",
       "      <th>2</th>\n",
       "      <td>Figueroa High School</td>\n",
       "      <td>District</td>\n",
       "      <td>2949</td>\n",
       "      <td>81.158020</td>\n",
       "      <td>76.711767</td>\n",
       "      <td>1884411</td>\n",
       "      <td>639.0</td>\n",
       "      <td>65.988471</td>\n",
       "      <td>80.739234</td>\n",
       "      <td>73.363852</td>\n",
       "    </tr>\n",
       "    <tr>\n",
       "      <th>7</th>\n",
       "      <td>Huang High School</td>\n",
       "      <td>District</td>\n",
       "      <td>2917</td>\n",
       "      <td>81.182722</td>\n",
       "      <td>76.629414</td>\n",
       "      <td>1910635</td>\n",
       "      <td>655.0</td>\n",
       "      <td>65.683922</td>\n",
       "      <td>81.316421</td>\n",
       "      <td>73.500171</td>\n",
       "    </tr>\n",
       "    <tr>\n",
       "      <th>8</th>\n",
       "      <td>Johnson High School</td>\n",
       "      <td>District</td>\n",
       "      <td>4761</td>\n",
       "      <td>80.966394</td>\n",
       "      <td>77.072464</td>\n",
       "      <td>3094650</td>\n",
       "      <td>650.0</td>\n",
       "      <td>66.057551</td>\n",
       "      <td>81.222432</td>\n",
       "      <td>73.639992</td>\n",
       "    </tr>\n",
       "    <tr>\n",
       "      <th>3</th>\n",
       "      <td>Ford High School</td>\n",
       "      <td>District</td>\n",
       "      <td>2739</td>\n",
       "      <td>80.746258</td>\n",
       "      <td>77.102592</td>\n",
       "      <td>1763916</td>\n",
       "      <td>644.0</td>\n",
       "      <td>68.309602</td>\n",
       "      <td>79.299014</td>\n",
       "      <td>73.804308</td>\n",
       "    </tr>\n",
       "    <tr>\n",
       "      <th>5</th>\n",
       "      <td>Hernandez High School</td>\n",
       "      <td>District</td>\n",
       "      <td>4635</td>\n",
       "      <td>80.934412</td>\n",
       "      <td>77.289752</td>\n",
       "      <td>3022020</td>\n",
       "      <td>652.0</td>\n",
       "      <td>66.752967</td>\n",
       "      <td>80.862999</td>\n",
       "      <td>73.807983</td>\n",
       "    </tr>\n",
       "    <tr>\n",
       "      <th>0</th>\n",
       "      <td>Bailey High School</td>\n",
       "      <td>District</td>\n",
       "      <td>4976</td>\n",
       "      <td>81.033963</td>\n",
       "      <td>77.048432</td>\n",
       "      <td>3124928</td>\n",
       "      <td>628.0</td>\n",
       "      <td>66.680064</td>\n",
       "      <td>81.933280</td>\n",
       "      <td>74.306672</td>\n",
       "    </tr>\n",
       "    <tr>\n",
       "      <th>6</th>\n",
       "      <td>Holden High School</td>\n",
       "      <td>Charter</td>\n",
       "      <td>427</td>\n",
       "      <td>83.814988</td>\n",
       "      <td>83.803279</td>\n",
       "      <td>248087</td>\n",
       "      <td>581.0</td>\n",
       "      <td>92.505855</td>\n",
       "      <td>96.252927</td>\n",
       "      <td>94.379391</td>\n",
       "    </tr>\n",
       "    <tr>\n",
       "      <th>11</th>\n",
       "      <td>Shelton High School</td>\n",
       "      <td>Charter</td>\n",
       "      <td>1761</td>\n",
       "      <td>83.725724</td>\n",
       "      <td>83.359455</td>\n",
       "      <td>1056600</td>\n",
       "      <td>600.0</td>\n",
       "      <td>93.867121</td>\n",
       "      <td>95.854628</td>\n",
       "      <td>94.860875</td>\n",
       "    </tr>\n",
       "    <tr>\n",
       "      <th>14</th>\n",
       "      <td>Wright High School</td>\n",
       "      <td>Charter</td>\n",
       "      <td>1800</td>\n",
       "      <td>83.955000</td>\n",
       "      <td>83.682222</td>\n",
       "      <td>1049400</td>\n",
       "      <td>583.0</td>\n",
       "      <td>93.333333</td>\n",
       "      <td>96.611111</td>\n",
       "      <td>94.972222</td>\n",
       "    </tr>\n",
       "    <tr>\n",
       "      <th>13</th>\n",
       "      <td>Wilson High School</td>\n",
       "      <td>Charter</td>\n",
       "      <td>2283</td>\n",
       "      <td>83.989488</td>\n",
       "      <td>83.274201</td>\n",
       "      <td>1319574</td>\n",
       "      <td>578.0</td>\n",
       "      <td>93.867718</td>\n",
       "      <td>96.539641</td>\n",
       "      <td>95.203679</td>\n",
       "    </tr>\n",
       "    <tr>\n",
       "      <th>4</th>\n",
       "      <td>Griffin High School</td>\n",
       "      <td>Charter</td>\n",
       "      <td>1468</td>\n",
       "      <td>83.816757</td>\n",
       "      <td>83.351499</td>\n",
       "      <td>917500</td>\n",
       "      <td>625.0</td>\n",
       "      <td>93.392371</td>\n",
       "      <td>97.138965</td>\n",
       "      <td>95.265668</td>\n",
       "    </tr>\n",
       "    <tr>\n",
       "      <th>9</th>\n",
       "      <td>Pena High School</td>\n",
       "      <td>Charter</td>\n",
       "      <td>962</td>\n",
       "      <td>84.044699</td>\n",
       "      <td>83.839917</td>\n",
       "      <td>585858</td>\n",
       "      <td>609.0</td>\n",
       "      <td>94.594595</td>\n",
       "      <td>95.945946</td>\n",
       "      <td>95.270270</td>\n",
       "    </tr>\n",
       "    <tr>\n",
       "      <th>12</th>\n",
       "      <td>Thomas High School</td>\n",
       "      <td>Charter</td>\n",
       "      <td>1635</td>\n",
       "      <td>83.848930</td>\n",
       "      <td>83.418349</td>\n",
       "      <td>1043130</td>\n",
       "      <td>638.0</td>\n",
       "      <td>93.272171</td>\n",
       "      <td>97.308869</td>\n",
       "      <td>95.290520</td>\n",
       "    </tr>\n",
       "    <tr>\n",
       "      <th>1</th>\n",
       "      <td>Cabrera High School</td>\n",
       "      <td>Charter</td>\n",
       "      <td>1858</td>\n",
       "      <td>83.975780</td>\n",
       "      <td>83.061895</td>\n",
       "      <td>1081356</td>\n",
       "      <td>582.0</td>\n",
       "      <td>94.133477</td>\n",
       "      <td>97.039828</td>\n",
       "      <td>95.586652</td>\n",
       "    </tr>\n",
       "  </tbody>\n",
       "</table>\n",
       "</div>"
      ],
      "text/plain": [
       "              school_name School Type  Total Students  Average Reading Score  \\\n",
       "10  Rodriguez High School    District            3999              80.744686   \n",
       "2    Figueroa High School    District            2949              81.158020   \n",
       "7       Huang High School    District            2917              81.182722   \n",
       "8     Johnson High School    District            4761              80.966394   \n",
       "3        Ford High School    District            2739              80.746258   \n",
       "5   Hernandez High School    District            4635              80.934412   \n",
       "0      Bailey High School    District            4976              81.033963   \n",
       "6      Holden High School     Charter             427              83.814988   \n",
       "11    Shelton High School     Charter            1761              83.725724   \n",
       "14     Wright High School     Charter            1800              83.955000   \n",
       "13     Wilson High School     Charter            2283              83.989488   \n",
       "4     Griffin High School     Charter            1468              83.816757   \n",
       "9        Pena High School     Charter             962              84.044699   \n",
       "12     Thomas High School     Charter            1635              83.848930   \n",
       "1     Cabrera High School     Charter            1858              83.975780   \n",
       "\n",
       "    Average Math Score  Total School Budget  Per Student Budget  \\\n",
       "10           76.842711              2547363               637.0   \n",
       "2            76.711767              1884411               639.0   \n",
       "7            76.629414              1910635               655.0   \n",
       "8            77.072464              3094650               650.0   \n",
       "3            77.102592              1763916               644.0   \n",
       "5            77.289752              3022020               652.0   \n",
       "0            77.048432              3124928               628.0   \n",
       "6            83.803279               248087               581.0   \n",
       "11           83.359455              1056600               600.0   \n",
       "14           83.682222              1049400               583.0   \n",
       "13           83.274201              1319574               578.0   \n",
       "4            83.351499               917500               625.0   \n",
       "9            83.839917               585858               609.0   \n",
       "12           83.418349              1043130               638.0   \n",
       "1            83.061895              1081356               582.0   \n",
       "\n",
       "    % Passing Math  % Passing Reading  % Overall Passing Rate  \n",
       "10       66.366592          80.220055               73.293323  \n",
       "2        65.988471          80.739234               73.363852  \n",
       "7        65.683922          81.316421               73.500171  \n",
       "8        66.057551          81.222432               73.639992  \n",
       "3        68.309602          79.299014               73.804308  \n",
       "5        66.752967          80.862999               73.807983  \n",
       "0        66.680064          81.933280               74.306672  \n",
       "6        92.505855          96.252927               94.379391  \n",
       "11       93.867121          95.854628               94.860875  \n",
       "14       93.333333          96.611111               94.972222  \n",
       "13       93.867718          96.539641               95.203679  \n",
       "4        93.392371          97.138965               95.265668  \n",
       "9        94.594595          95.945946               95.270270  \n",
       "12       93.272171          97.308869               95.290520  \n",
       "1        94.133477          97.039828               95.586652  "
      ]
     },
     "execution_count": 10,
     "metadata": {},
     "output_type": "execute_result"
    }
   ],
   "source": [
    "Top_Schools.sort_values(\"% Overall Passing Rate\")"
   ]
  },
  {
   "cell_type": "raw",
   "metadata": {},
   "source": [
    "#---------------------- Math Scores by Grade---------------------"
   ]
  },
  {
   "cell_type": "code",
   "execution_count": 11,
   "metadata": {},
   "outputs": [
    {
     "data": {
      "text/html": [
       "<div>\n",
       "<style scoped>\n",
       "    .dataframe tbody tr th:only-of-type {\n",
       "        vertical-align: middle;\n",
       "    }\n",
       "\n",
       "    .dataframe tbody tr th {\n",
       "        vertical-align: top;\n",
       "    }\n",
       "\n",
       "    .dataframe thead th {\n",
       "        text-align: right;\n",
       "    }\n",
       "</style>\n",
       "<table border=\"1\" class=\"dataframe\">\n",
       "  <thead>\n",
       "    <tr style=\"text-align: right;\">\n",
       "      <th></th>\n",
       "      <th></th>\n",
       "      <th>math_score</th>\n",
       "      <th>reading_score</th>\n",
       "    </tr>\n",
       "    <tr>\n",
       "      <th>school_name</th>\n",
       "      <th>grade</th>\n",
       "      <th></th>\n",
       "      <th></th>\n",
       "    </tr>\n",
       "  </thead>\n",
       "  <tbody>\n",
       "    <tr>\n",
       "      <th rowspan=\"4\" valign=\"top\">Bailey High School</th>\n",
       "      <th>10th</th>\n",
       "      <td>76.996772</td>\n",
       "      <td>80.907183</td>\n",
       "    </tr>\n",
       "    <tr>\n",
       "      <th>11th</th>\n",
       "      <td>77.515588</td>\n",
       "      <td>80.945643</td>\n",
       "    </tr>\n",
       "    <tr>\n",
       "      <th>12th</th>\n",
       "      <td>76.492218</td>\n",
       "      <td>80.912451</td>\n",
       "    </tr>\n",
       "    <tr>\n",
       "      <th>9th</th>\n",
       "      <td>77.083676</td>\n",
       "      <td>81.303155</td>\n",
       "    </tr>\n",
       "    <tr>\n",
       "      <th rowspan=\"4\" valign=\"top\">Cabrera High School</th>\n",
       "      <th>10th</th>\n",
       "      <td>83.154506</td>\n",
       "      <td>84.253219</td>\n",
       "    </tr>\n",
       "    <tr>\n",
       "      <th>11th</th>\n",
       "      <td>82.765560</td>\n",
       "      <td>83.788382</td>\n",
       "    </tr>\n",
       "    <tr>\n",
       "      <th>12th</th>\n",
       "      <td>83.277487</td>\n",
       "      <td>84.287958</td>\n",
       "    </tr>\n",
       "    <tr>\n",
       "      <th>9th</th>\n",
       "      <td>83.094697</td>\n",
       "      <td>83.676136</td>\n",
       "    </tr>\n",
       "    <tr>\n",
       "      <th rowspan=\"4\" valign=\"top\">Figueroa High School</th>\n",
       "      <th>10th</th>\n",
       "      <td>76.539974</td>\n",
       "      <td>81.408912</td>\n",
       "    </tr>\n",
       "    <tr>\n",
       "      <th>11th</th>\n",
       "      <td>76.884344</td>\n",
       "      <td>80.640339</td>\n",
       "    </tr>\n",
       "    <tr>\n",
       "      <th>12th</th>\n",
       "      <td>77.151369</td>\n",
       "      <td>81.384863</td>\n",
       "    </tr>\n",
       "    <tr>\n",
       "      <th>9th</th>\n",
       "      <td>76.403037</td>\n",
       "      <td>81.198598</td>\n",
       "    </tr>\n",
       "    <tr>\n",
       "      <th rowspan=\"4\" valign=\"top\">Ford High School</th>\n",
       "      <th>10th</th>\n",
       "      <td>77.672316</td>\n",
       "      <td>81.262712</td>\n",
       "    </tr>\n",
       "    <tr>\n",
       "      <th>11th</th>\n",
       "      <td>76.918058</td>\n",
       "      <td>80.403642</td>\n",
       "    </tr>\n",
       "    <tr>\n",
       "      <th>12th</th>\n",
       "      <td>76.179963</td>\n",
       "      <td>80.662338</td>\n",
       "    </tr>\n",
       "    <tr>\n",
       "      <th>9th</th>\n",
       "      <td>77.361345</td>\n",
       "      <td>80.632653</td>\n",
       "    </tr>\n",
       "    <tr>\n",
       "      <th rowspan=\"4\" valign=\"top\">Griffin High School</th>\n",
       "      <th>10th</th>\n",
       "      <td>84.229064</td>\n",
       "      <td>83.706897</td>\n",
       "    </tr>\n",
       "    <tr>\n",
       "      <th>11th</th>\n",
       "      <td>83.842105</td>\n",
       "      <td>84.288089</td>\n",
       "    </tr>\n",
       "    <tr>\n",
       "      <th>12th</th>\n",
       "      <td>83.356164</td>\n",
       "      <td>84.013699</td>\n",
       "    </tr>\n",
       "    <tr>\n",
       "      <th>9th</th>\n",
       "      <td>82.044010</td>\n",
       "      <td>83.369193</td>\n",
       "    </tr>\n",
       "    <tr>\n",
       "      <th rowspan=\"4\" valign=\"top\">Hernandez High School</th>\n",
       "      <th>10th</th>\n",
       "      <td>77.337408</td>\n",
       "      <td>80.660147</td>\n",
       "    </tr>\n",
       "    <tr>\n",
       "      <th>11th</th>\n",
       "      <td>77.136029</td>\n",
       "      <td>81.396140</td>\n",
       "    </tr>\n",
       "    <tr>\n",
       "      <th>12th</th>\n",
       "      <td>77.186567</td>\n",
       "      <td>80.857143</td>\n",
       "    </tr>\n",
       "    <tr>\n",
       "      <th>9th</th>\n",
       "      <td>77.438495</td>\n",
       "      <td>80.866860</td>\n",
       "    </tr>\n",
       "    <tr>\n",
       "      <th rowspan=\"4\" valign=\"top\">Holden High School</th>\n",
       "      <th>10th</th>\n",
       "      <td>83.429825</td>\n",
       "      <td>83.324561</td>\n",
       "    </tr>\n",
       "    <tr>\n",
       "      <th>11th</th>\n",
       "      <td>85.000000</td>\n",
       "      <td>83.815534</td>\n",
       "    </tr>\n",
       "    <tr>\n",
       "      <th>12th</th>\n",
       "      <td>82.855422</td>\n",
       "      <td>84.698795</td>\n",
       "    </tr>\n",
       "    <tr>\n",
       "      <th>9th</th>\n",
       "      <td>83.787402</td>\n",
       "      <td>83.677165</td>\n",
       "    </tr>\n",
       "    <tr>\n",
       "      <th rowspan=\"4\" valign=\"top\">Huang High School</th>\n",
       "      <th>10th</th>\n",
       "      <td>75.908735</td>\n",
       "      <td>81.512386</td>\n",
       "    </tr>\n",
       "    <tr>\n",
       "      <th>11th</th>\n",
       "      <td>76.446602</td>\n",
       "      <td>81.417476</td>\n",
       "    </tr>\n",
       "    <tr>\n",
       "      <th>12th</th>\n",
       "      <td>77.225641</td>\n",
       "      <td>80.305983</td>\n",
       "    </tr>\n",
       "    <tr>\n",
       "      <th>9th</th>\n",
       "      <td>77.027251</td>\n",
       "      <td>81.290284</td>\n",
       "    </tr>\n",
       "    <tr>\n",
       "      <th rowspan=\"4\" valign=\"top\">Johnson High School</th>\n",
       "      <th>10th</th>\n",
       "      <td>76.691117</td>\n",
       "      <td>80.773431</td>\n",
       "    </tr>\n",
       "    <tr>\n",
       "      <th>11th</th>\n",
       "      <td>77.491653</td>\n",
       "      <td>80.616027</td>\n",
       "    </tr>\n",
       "    <tr>\n",
       "      <th>12th</th>\n",
       "      <td>76.863248</td>\n",
       "      <td>81.227564</td>\n",
       "    </tr>\n",
       "    <tr>\n",
       "      <th>9th</th>\n",
       "      <td>77.187857</td>\n",
       "      <td>81.260714</td>\n",
       "    </tr>\n",
       "    <tr>\n",
       "      <th rowspan=\"4\" valign=\"top\">Pena High School</th>\n",
       "      <th>10th</th>\n",
       "      <td>83.372000</td>\n",
       "      <td>83.612000</td>\n",
       "    </tr>\n",
       "    <tr>\n",
       "      <th>11th</th>\n",
       "      <td>84.328125</td>\n",
       "      <td>84.335938</td>\n",
       "    </tr>\n",
       "    <tr>\n",
       "      <th>12th</th>\n",
       "      <td>84.121547</td>\n",
       "      <td>84.591160</td>\n",
       "    </tr>\n",
       "    <tr>\n",
       "      <th>9th</th>\n",
       "      <td>83.625455</td>\n",
       "      <td>83.807273</td>\n",
       "    </tr>\n",
       "    <tr>\n",
       "      <th rowspan=\"4\" valign=\"top\">Rodriguez High School</th>\n",
       "      <th>10th</th>\n",
       "      <td>76.612500</td>\n",
       "      <td>80.629808</td>\n",
       "    </tr>\n",
       "    <tr>\n",
       "      <th>11th</th>\n",
       "      <td>76.395626</td>\n",
       "      <td>80.864811</td>\n",
       "    </tr>\n",
       "    <tr>\n",
       "      <th>12th</th>\n",
       "      <td>77.690748</td>\n",
       "      <td>80.376426</td>\n",
       "    </tr>\n",
       "    <tr>\n",
       "      <th>9th</th>\n",
       "      <td>76.859966</td>\n",
       "      <td>80.993127</td>\n",
       "    </tr>\n",
       "    <tr>\n",
       "      <th rowspan=\"4\" valign=\"top\">Shelton High School</th>\n",
       "      <th>10th</th>\n",
       "      <td>82.917411</td>\n",
       "      <td>83.441964</td>\n",
       "    </tr>\n",
